0
50
0
1
2
3
4
5
6
7
8
9
10
11
12
13
14
15
16
17
18
19
20
21
22
23
24
25
26
27
28
29
30
31
32
33
34
35
36
37
38
39
40
41
42
43
44
45
46
47
48
49
100
0 1 69
1 2 39
2 3 80
3 4 20
4 5 40
5 6 95
6 7 30
7 8 34
8 9 49
9 10 59
10 11 85
11 12 16
12 13 58
13 14 12
14 15 3
15 16 18
16 17 44
17 18 27
18 19 19
19 20 17
20 21 78
21 22 6
22 23 54
23 24 6
24 25 85
25 26 77
26 27 10
27 28 17
28 29 75
29 30 36
30 31 92
31 32 43
32 33 23
33 34 14
34 35 91
35 36 30
36 37 92
37 38 6
38 39 78
39 40 25
40 41 33
41 42 28
42 43 67
43 44 70
44 45 41
45 46 55
46 47 79
47 48 58
48 49 52
1 39 1
16 20 83
17 26 82
23 38 39
18 23 73
19 24 48
8 37 48
29 39 46
31 41 86
5 34 12
29 41 27
14 18 81
10 39 27
20 49 92
10 23 37
15 43 82
11 31 64
8 15 34
9 28 48
32 34 75
19 28 92
33 46 57
9 36 38
42 47 4
22 42 53
17 20 97
7 21 13
2 49 62
6 32 75
2 20 45
31 38 6
14 24 45
18 34 77
23 25 65
1 29 27
27 41 56
3 25 83
21 24 30
36 45 22
26 38 83
9 12 94
21 43 74
4 11 1
21 39 51
23 43 36
29 40 9
2 36 28
12 39 25
4 33 36
18 32 31
11 21 87
